0.000000
1.725643
0.251162
-1.223567
0.501333
2.225738
0.749525
-0.727427
0.994760
2.715964
1.236068
-0.245048
1.472498
3.188592
1.703117
0.215962
1.927015
3.636166
2.143307
0.648334
2.351141
4.051628
2.549696
1.045247
2.738188
4.428427
2.915875
1.400444
3.082053
4.760620
3.236068
1.708322
3.377312
5.042968
3.505227
1.964026
3.619308
5.271019
3.719106
2.163523
3.804226
5.441175
3.874333
2.303667
3.929149
5.550753
3.968459
2.382248
3.992107
5.598026
4.000000
2.398026
3.992107
5.582248
3.968459
2.350753
3.929149
5.503667
3.874333
2.241175
3.804226
5.363523
3.719106
2.071019
3.619308
5.164026
3.505227
1.842968
3.377312
4.908322
3.236068
1.560620
3.082053
4.600444
2.915875
1.228427
2.738188
4.245247
2.549696
0.851628
2.351141
3.848334
2.143307
0.436166
1.927015
3.415962
1.703117
-0.011408
1.472498
2.954952
1.236068
-0.484036
0.994760
2.472573
0.749525
-0.974262
0.501333
1.976433
0.251162
-1.474357
0.000000
1.474357
-0.251162
-1.976433
-0.501333
0.974262
-0.749525
-2.472573
-0.994760
0.484036
-1.236068
-2.954952
-1.472498
0.011408
-1.703117
-3.415962
-1.927015
-0.436166
-2.143307
-3.848334
-2.351141
-0.851628
-2.549696
-4.245247
-2.738188
-1.228427
-2.915875
-4.600444
-3.082053
-1.560620
-3.236068
-4.908322
-3.377312
-1.842968
-3.505227
-5.164026
-3.619308
-2.071019
-3.719106
-5.363523
-3.804226
-2.241175
-3.874333
-5.503667
-3.929149
-2.350753
-3.968459
-5.582248
-3.992107
-2.398026
-4.000000
-5.598026
-3.992107
-2.382248
-3.968459
-5.550753
-3.929149
-2.303667
-3.874333
-5.441175
-3.804226
-2.163523
-3.719106
-5.271019
-3.619308
-1.964026
-3.505227
-5.042968
-3.377312
-1.708322
-3.236068
-4.760620
-3.082053
-1.400444
-2.915875
-4.428427
-2.738188
-1.045247
-2.549696
-4.051628
-2.351141
-0.648334
-2.143307
-3.636166
-1.927015
-0.215962
-1.703117
-3.188592
-1.472498
0.245048
-1.236068
-2.715964
-0.994760
0.727427
-0.749525
-2.225738
-0.501333
1.223567
-0.251162
-1.725643
0.000000
1.725643
0.251162
-1.223567
0.501333
2.225738
0.749525
-0.727427
0.994760
2.715964
1.236068
-0.245048
1.472498
3.188592
1.703117
0.215962
1.927015
3.636166
2.143307
0.648334
2.351141
4.051628
2.549696
1.045247
2.738188
4.428427
2.915875
1.400444
3.082053
4.760620
3.236068
1.708322
3.377312
5.042968
3.505227
1.964026
3.619308
5.271019
3.719106
2.163523
3.804226
5.441175
3.874333
2.303667
3.929149
5.550753
3.968459
2.382248
3.992107
5.598026
4.000000
2.398026
3.992107
5.582248
3.968459
2.350753
3.929149
5.503667
3.874333
2.241175
3.804226
5.363523
3.719106
2.071019
3.619308
5.164026
3.505227
1.842968
3.377312
4.908322
3.236068
1.560620
3.082053
4.600444
2.915875
1.228427
2.738188
4.245247
2.549696
0.851628
2.351141
3.848334
2.143307
0.436166
1.927015
3.415962
1.703117
-0.011408
1.472498
2.954952
1.236068
-0.484036
0.994760
2.472573
0.749525
-0.974262
0.501333
1.976433
0.251162
-1.474357
